0	80	80	0.280918	0.131026	0.101082	0.341288	0.164758	0.144017
0	80	80	0.073415	0.042535	0.045115	0.041714	0.037474	0.039895
0	80	80	0.163612	0.063245	0.079995	0.039428	0.000000	0.024214
1	80	80	0.163612	0.063245	0.079995	0.039428	0.000000	0.024214
2	80	80	0.214264	0.036400	0.053430	0.114462	0.000000	0.021662
3	80	80	0.214264	0.036400	0.053430	0.114462	0.000000	0.021662
4	83	77	0.188980	0.038868	0.026832	0.096569	0.000000	0.027570
5	89	71	0.071567	0.001057	0.005184	0.042453	0.000000	0.020288
6	89	71	0.071567	0.001057	0.005184	0.042453	0.000000	0.020288
7	89	71	0.071567	0.001057	0.005184	0.042453	0.000000	0.020288
8	89	71	0.071567	0.001057	0.005184	0.042453	0.000000	0.020288
9	89	71	0.140010	0.094529	0.125842	0.159142	0.127641	0.140148
10	89	71	0.140010	0.094529	0.125842	0.159142	0.127641	0.140148
11	94	66	0.265456	0.096998	0.236536	0.195220	0.147593	0.131386
12	94	66	0.265456	0.096998	0.236536	0.195220	0.147593	0.131386
13	94	66	0.265456	0.096998	0.236536	0.195220	0.147593	0.131386
14	94	66	0.265456	0.096998	0.236536	0.195220	0.147593	0.131386
15	94	66	0.265456	0.096998	0.236536	0.195220	0.147593	0.131386
16	94	66	0.265456	0.096998	0.236536	0.195220	0.147593	0.131386
17	94	66	0.265456	0.096998	0.236536	0.195220	0.147593	0.131386
18	94	66	0.265456	0.096998	0.236536	0.195220	0.147593	0.131386
19	94	66	0.265456	0.096998	0.236536	0.195220	0.147593	0.131386
20	94	66	0.265456	0.096998	0.236536	0.195220	0.147593	0.131386
21	94	66	0.265456	0.096998	0.236536	0.195220	0.147593	0.131386
22	94	66	0.265456	0.096998	0.236536	0.195220	0.147593	0.131386
23	94	66	0.265456	0.096998	0.236536	0.195220	0.147593	0.131386
24	94	66	0.265456	0.096998	0.236536	0.195220	0.147593	0.131386
25	94	66	0.059502	0.000003	0.055610	0.000239	0.000000	0.000147
26	94	66	0.059502	0.000003	0.055610	0.000239	0.000000	0.000147
27	94	66	0.059502	0.000003	0.055610	0.000239	0.000000	0.000147
28	94	66	0.059502	0.000003	0.055610	0.000239	0.000000	0.000147
29	94	66	0.059502	0.000003	0.055610	0.000239	0.000000	0.000147
30	94	66	0.059502	0.000003	0.055610	0.000239	0.000000	0.000147
31	94	66	0.059502	0.000003	0.055610	0.000239	0.000000	0.000147
32	94	66	0.059502	0.000003	0.055610	0.000239	0.000000	0.000147
33	94	66	0.059502	0.000003	0.055610	0.000239	0.000000	0.000147
34	94	66	0.059502	0.000003	0.055610	0.000239	0.000000	0.000147
35	94	66	0.059502	0.000003	0.055610	0.000239	0.000000	0.000147
36	94	66	0.059502	0.000003	0.055610	0.000239	0.000000	0.000147
37	94	66	0.059502	0.000003	0.055610	0.000239	0.000000	0.000147
38	94	66	0.059502	0.000003	0.055610	0.000239	0.000000	0.000147
39	94	66	0.059502	0.000003	0.055610	0.000239	0.000000	0.000147
40	96	64	0.009555	-0.000000	0.008611	0.000157	0.000000	0.000000
41	96	64	0.009555	-0.000000	0.008611	0.000157	0.000000	0.000000
42	96	64	0.009555	-0.000000	0.008611	0.000157	0.000000	0.000000
43	96	64	0.009555	-0.000000	0.008611	0.000157	0.000000	0.000000
44	96	64	0.009555	-0.000000	0.008611	0.000157	0.000000	0.000000
45	96	64	0.009555	-0.000000	0.008611	0.000157	0.000000	0.000000
46	96	64	0.009555	-0.000000	0.008611	0.000157	0.000000	0.000000
47	96	64	0.066555	0.000004	0.060695	0.000264	0.000000	0.000181
48	96	64	0.066555	0.000004	0.060695	0.000264	0.000000	0.000181
49	97	63	0.068885	0.000003	0.061488	0.000623	0.000000	0.000180
50	97	63	0.068885	0.000003	0.061488	0.000623	0.000000	0.000180
51	97	63	0.068885	0.000003	0.061488	0.000623	0.000000	0.000180
52	97	63	0.068885	0.000003	0.061488	0.000623	0.000000	0.000180
53	97	63	0.068885	0.000003	0.061488	0.000623	0.000000	0.000180
54	97	63	0.068885	0.000003	0.061488	0.000623	0.000000	0.000180
55	97	63	0.068885	0.000003	0.061488	0.000623	0.000000	0.000180
56	97	63	0.068885	0.000003	0.061488	0.000623	0.000000	0.000180
57	97	63	0.068885	0.000003	0.061488	0.000623	0.000000	0.000180
58	97	63	0.068885	0.000003	0.061488	0.000623	0.000000	0.000180
59	97	63	0.068885	0.000003	0.061488	0.000623	0.000000	0.000180
60	97	63	0.068885	0.000003	0.061488	0.000623	0.000000	0.000180
61	97	63	0.068885	0.000003	0.061488	0.000623	0.000000	0.000180
62	97	63	0.068885	0.000003	0.061488	0.000623	0.000000	0.000180
63	97	63	0.068885	0.000003	0.061488	0.000623	0.000000	0.000180
64	101	59	0.073256	0.000005	0.064028	0.002100	0.000000	0.000459
65	101	59	0.073256	0.000005	0.064028	0.002100	0.000000	0.000459
66	101	59	0.073256	0.000005	0.064028	0.002100	0.000000	0.000459
67	101	59	0.073256	0.000005	0.064028	0.002100	0.000000	0.000459
68	101	59	0.073256	0.000005	0.064028	0.002100	0.000000	0.000459
69	101	59	0.073256	0.000005	0.064028	0.002100	0.000000	0.000459
70	101	59	0.073256	0.000005	0.064028	0.002100	0.000000	0.000459
71	101	59	0.073256	0.000005	0.064028	0.002100	0.000000	0.000459
72	101	59	0.073256	0.000005	0.064028	0.002100	0.000000	0.000459
73	101	59	0.073256	0.000005	0.064028	0.002100	0.000000	0.000459
74	101	59	0.073256	0.000005	0.064028	0.002100	0.000000	0.000459
75	101	59	0.073256	0.000005	0.064028	0.002100	0.000000	0.000459
76	101	59	0.073256	0.000005	0.064028	0.002100	0.000000	0.000459
77	101	59	0.011138	-0.000000	0.008413	0.001895	0.000000	0.000027
78	101	59	0.011138	-0.000000	0.008413	0.001895	0.000000	0.000027
79	101	59	0.011138	-0.000000	0.008413	0.001895	0.000000	0.000027
80	101	59	0.011138	-0.000000	0.008413	0.001895	0.000000	0.000027
81	101	59	0.011138	-0.000000	0.008413	0.001895	0.000000	0.000027
82	101	59	0.011138	-0.000000	0.008413	0.001895	0.000000	0.000027
83	101	59	0.011138	-0.000000	0.008413	0.001895	0.000000	0.000027
84	101	59	0.011138	-0.000000	0.008413	0.001895	0.000000	0.000027
85	101	59	0.011138	-0.000000	0.008413	0.001895	0.000000	0.000027
86	101	59	0.011138	-0.000000	0.008413	0.001895	0.000000	0.000027
87	101	59	0.011138	-0.000000	0.008413	0.001895	0.000000	0.000027
88	101	59	0.011138	-0.000000	0.008413	0.001895	0.000000	0.000027
89	101	59	0.011138	-0.000000	0.008413	0.001895	0.000000	0.000027
90	101	59	0.049108	0.021498	0.027174	0.040754	0.021498	0.021667
91	101	59	0.049108	0.021498	0.027174	0.040754	0.021498	0.021667
92	101	59	0.049108	0.021498	0.027174	0.040754	0.021498	0.021667
93	101	59	0.049108	0.021498	0.027174	0.040754	0.021498	0.021667
94	101	59	0.049108	0.021498	0.027174	0.040754	0.021498	0.021667
95	101	59	0.049108	0.021498	0.027174	0.040754	0.021498	0.021667
96	101	59	0.049108	0.021498	0.027174	0.040754	0.021498	0.021667
97	101	59	0.049108	0.021498	0.027174	0.040754	0.021498	0.021667
98	101	59	0.049108	0.021498	0.027174	0.040754	0.021498	0.021667
99	101	59	0.049108	0.021498	0.027174	0.040754	0.021498	0.021667
100	101	59	0.049108	0.021498	0.027174	0.040754	0.021498	0.021667
101	101	59	0.049108	0.021498	0.027174	0.040754	0.021498	0.021667
102	101	59	0.049108	0.021498	0.027174	0.040754	0.021498	0.021667
103	101	59	0.049108	0.021498	0.027174	0.040754	0.021498	0.021667
104	101	59	0.049108	0.021498	0.027174	0.040754	0.021498	0.021667
105	101	59	0.049108	0.021498	0.027174	0.040754	0.021498	0.021667
106	101	59	0.049108	0.021498	0.027174	0.040754	0.021498	0.021667
107	101	59	0.049108	0.021498	0.027174	0.040754	0.021498	0.021667
108	101	59	0.049108	0.021498	0.027174	0.040754	0.021498	0.021667
109	101	59	0.049108	0.021498	0.027174	0.040754	0.021498	0.021667
110	101	59	0.049108	0.021498	0.027174	0.040754	0.021498	0.021667
111	101	59	0.049108	0.021498	0.027174	0.040754	0.021498	0.021667
112	101	59	0.049108	0.021498	0.027174	0.040754	0.021498	0.021667
113	101	59	0.049108	0.021498	0.027174	0.040754	0.021498	0.021667
114	101	59	0.049108	0.021498	0.027174	0.040754	0.021498	0.021667
115	101	59	0.049108	0.021498	0.027174	0.040754	0.021498	0.021667
116	101	59	0.049108	0.021498	0.027174	0.040754	0.021498	0.021667
117	101	59	0.049108	0.021498	0.027174	0.040754	0.021498	0.021667
118	101	59	0.049108	0.021498	0.027174	0.040754	0.021498	0.021667
119	101	59	0.049108	0.021498	0.027174	0.040754	0.021498	0.021667
120	101	59	0.049108	0.021498	0.027174	0.040754	0.021498	0.021667
121	101	59	0.049108	0.021498	0.027174	0.040754	0.021498	0.021667
122	101	59	0.049108	0.021498	0.027174	0.040754	0.021498	0.021667
123	101	59	0.049108	0.021498	0.027174	0.040754	0.021498	0.021667
124	101	59	0.049108	0.021498	0.027174	0.040754	0.021498	0.021667
125	101	59	0.049108	0.021498	0.027174	0.040754	0.021498	0.021667
126	101	59	0.049108	0.021498	0.027174	0.040754	0.021498	0.021667
127	101	59	0.049108	0.021498	0.027174	0.040754	0.021498	0.021667
128	101	59	0.049108	0.021498	0.027174	0.040754	0.021498	0.021667
129	101	59	0.049108	0.021498	0.027174	0.040754	0.021498	0.021667
130	101	59	0.049108	0.021498	0.027174	0.040754	0.021498	0.021667
131	101	59	0.049108	0.021498	0.027174	0.040754	0.021498	0.021667
132	101	59	0.049108	0.021498	0.027174	0.040754	0.021498	0.021667
133	101	59	0.049108	0.021498	0.027174	0.040754	0.021498	0.021667
134	101	59	0.049108	0.021498	0.027174	0.040754	0.021498	0.021667
135	101	59	0.049108	0.021498	0.027174	0.040754	0.021498	0.021667
136	101	59	0.049108	0.021498	0.027174	0.040754	0.021498	0.021667
137	101	59	0.049108	0.021498	0.027174	0.040754	0.021498	0.021667
138	101	59	0.049108	0.021498	0.027174	0.040754	0.021498	0.021667
139	101	59	0.049108	0.021498	0.027174	0.040754	0.021498	0.021667
140	101	59	0.049108	0.021498	0.027174	0.040754	0.021498	0.021667
141	101	59	0.049108	0.021498	0.027174	0.040754	0.021498	0.021667
142	101	59	0.049108	0.021498	0.027174	0.040754	0.021498	0.021667
143	101	59	0.049108	0.021498	0.027174	0.040754	0.021498	0.021667
144	101	59	0.049108	0.021498	0.027174	0.040754	0.021498	0.021667
145	101	59	0.049108	0.021498	0.027174	0.040754	0.021498	0.021667
146	101	59	0.049108	0.021498	0.027174	0.040754	0.021498	0.021667
147	101	59	0.049108	0.021498	0.027174	0.040754	0.021498	0.021667
148	101	59	0.049108	0.021498	0.027174	0.040754	0.021498	0.021667
149	101	59	0.049108	0.021498	0.027174	0.040754	0.021498	0.021667
150	101	59	0.049108	0.021498	0.027174	0.040754	0.021498	0.021667
151	101	59	0.049108	0.021498	0.027174	0.040754	0.021498	0.021667
152	101	59	0.049108	0.021498	0.027174	0.040754	0.021498	0.021667
153	101	59	0.049108	0.021498	0.027174	0.040754	0.021498	0.021667
154	101	59	0.049108	0.021498	0.027174	0.040754	0.021498	0.021667
155	101	59	0.049108	0.021498	0.027174	0.040754	0.021498	0.021667
156	101	59	0.073256	0.000005	0.064028	0.002100	0.000000	0.000459
157	101	59	0.073256	0.000005	0.064028	0.002100	0.000000	0.000459
158	101	59	0.073256	0.000005	0.064028	0.002100	0.000000	0.000459
159	101	59	0.073256	0.000005	0.064028	0.002100	0.000000	0.000459
160	101	59	0.073256	0.000005	0.064028	0.002100	0.000000	0.000459
161	101	59	0.072185	0.000005	0.064005	0.001045	0.000000	0.000485
162	101	59	0.072185	0.000005	0.064005	0.001045	0.000000	0.000485
163	101	59	0.072185	0.000005	0.064005	0.001045	0.000000	0.000485
164	101	59	0.072185	0.000005	0.064005	0.001045	0.000000	0.000485
165	101	59	0.072185	0.000005	0.064005	0.001045	0.000000	0.000485
166	101	59	0.072185	0.000005	0.064005	0.001045	0.000000	0.000485
167	101	59	0.072185	0.000005	0.064005	0.001045	0.000000	0.000485
168	101	59	0.072185	0.000005	0.064005	0.001045	0.000000	0.000485
169	101	59	0.072185	0.000005	0.064005	0.001045	0.000000	0.000485
170	101	59	0.072185	0.000005	0.064005	0.001045	0.000000	0.000485
171	101	59	0.072185	0.000005	0.064005	0.001045	0.000000	0.000485
172	101	59	0.072185	0.000005	0.064005	0.001045	0.000000	0.000485
173	101	59	0.072185	0.000005	0.064005	0.001045	0.000000	0.000485
174	101	59	0.072185	0.000005	0.064005	0.001045	0.000000	0.000485
175	101	59	0.054296	0.000044	0.045954	0.002577	0.000000	0.000257
176	101	59	0.054296	0.000044	0.045954	0.002577	0.000000	0.000257
177	101	59	0.054296	0.000044	0.045954	0.002577	0.000000	0.000257
178	102	58	0.111840	0.000018	0.063448	0.040532	0.000000	0.001225
179	102	58	0.111840	0.000018	0.063448	0.040532	0.000000	0.001225
180	102	58	0.111840	0.000018	0.063448	0.040532	0.000000	0.001225
181	102	58	0.111840	0.000018	0.063448	0.040532	0.000000	0.001225
182	102	58	0.111840	0.000018	0.063448	0.040532	0.000000	0.001225
183	102	58	0.111840	0.000018	0.063448	0.040532	0.000000	0.001225
184	102	58	0.111840	0.000018	0.063448	0.040532	0.000000	0.001225
185	102	58	0.111840	0.000018	0.063448	0.040532	0.000000	0.001225
186	102	58	0.111840	0.000018	0.063448	0.040532	0.000000	0.001225
187	102	58	0.111840	0.000018	0.063448	0.040532	0.000000	0.001225
188	102	58	0.111840	0.000018	0.063448	0.040532	0.000000	0.001225
189	102	58	0.111840	0.000018	0.063448	0.040532	0.000000	0.001225
190	102	58	0.111840	0.000018	0.063448	0.040532	0.000000	0.001225
191	102	58	0.111840	0.000018	0.063448	0.040532	0.000000	0.001225
192	102	58	0.111840	0.000018	0.063448	0.040532	0.000000	0.001225
193	102	58	0.111840	0.000018	0.063448	0.040532	0.000000	0.001225
194	102	58	0.318343	0.021153	0.067403	0.145096	0.000000	0.023061
195	102	58	0.318343	0.021153	0.067403	0.145096	0.000000	0.023061
196	102	58	0.318343	0.021153	0.067403	0.145096	0.000000	0.023061
197	102	58	0.318343	0.021153	0.067403	0.145096	0.000000	0.023061
198	102	58	0.318343	0.021153	0.067403	0.145096	0.000000	0.023061
199	102	58	0.318343	0.021153	0.067403	0.145096	0.000000	0.023061
200	102	58	0.318343	0.021153	0.067403	0.145096	0.000000	0.023061
201	102	58	0.318343	0.021153	0.067403	0.145096	0.000000	0.023061
202	102	58	0.318343	0.021153	0.067403	0.145096	0.000000	0.023061
203	102	58	0.318343	0.021153	0.067403	0.145096	0.000000	0.023061
204	102	58	0.318343	0.021153	0.067403	0.145096	0.000000	0.023061
205	102	58	0.318343	0.021153	0.067403	0.145096	0.000000	0.023061
206	102	58	0.318343	0.021153	0.067403	0.145096	0.000000	0.023061
207	102	58	0.318343	0.021153	0.067403	0.145096	0.000000	0.023061
208	102	58	0.318343	0.021153	0.067403	0.145096	0.000000	0.023061
209	102	58	0.318343	0.021153	0.067403	0.145096	0.000000	0.023061
210	102	58	0.318343	0.021153	0.067403	0.145096	0.000000	0.023061
211	102	58	0.318343	0.021153	0.067403	0.145096	0.000000	0.023061
212	102	58	0.318343	0.021153	0.067403	0.145096	0.000000	0.023061
213	102	58	0.318343	0.021153	0.067403	0.145096	0.000000	0.023061
214	102	58	0.318343	0.021153	0.067403	0.145096	0.000000	0.023061
215	102	58	0.318343	0.021153	0.067403	0.145096	0.000000	0.023061
216	102	58	0.318343	0.021153	0.067403	0.145096	0.000000	0.023061
217	102	58	0.318343	0.021153	0.067403	0.145096	0.000000	0.023061
218	102	58	0.318343	0.021153	0.067403	0.145096	0.000000	0.023061
219	102	58	0.318343	0.021153	0.067403	0.145096	0.000000	0.023061
220	102	58	0.318343	0.021153	0.067403	0.145096	0.000000	0.023061
221	102	58	0.318343	0.021153	0.067403	0.145096	0.000000	0.023061
222	102	58	0.317689	0.021147	0.068712	0.143713	0.000000	0.023100
223	102	58	0.317689	0.021147	0.068712	0.143713	0.000000	0.023100
224	102	58	0.317689	0.021147	0.068712	0.143713	0.000000	0.023100
225	102	58	0.317689	0.021147	0.068712	0.143713	0.000000	0.023100
226	102	58	0.317689	0.021147	0.068712	0.143713	0.000000	0.023100
227	102	58	0.317689	0.021147	0.068712	0.143713	0.000000	0.023100
228	102	58	0.317689	0.021147	0.068712	0.143713	0.000000	0.023100
229	102	58	0.317689	0.021147	0.068712	0.143713	0.000000	0.023100
230	102	58	0.317689	0.021147	0.068712	0.143713	0.000000	0.023100
231	102	58	0.111840	0.000018	0.063448	0.040532	0.000000	0.001225
232	102	58	0.111840	0.000018	0.063448	0.040532	0.000000	0.001225
233	102	58	0.111840	0.000018	0.063448	0.040532	0.000000	0.001225
234	102	58	0.111840	0.000018	0.063448	0.040532	0.000000	0.001225
235	102	58	0.111840	0.000018	0.063448	0.040532	0.000000	0.001225
236	102	58	0.111840	0.000018	0.063448	0.040532	0.000000	0.001225
237	102	58	0.111840	0.000018	0.063448	0.040532	0.000000	0.001225
238	102	58	0.111840	0.000018	0.063448	0.040532	0.000000	0.001225
239	102	58	0.111840	0.000018	0.063448	0.040532	0.000000	0.001225
240	102	58	0.111840	0.000018	0.063448	0.040532	0.000000	0.001225
241	102	58	0.111840	0.000018	0.063448	0.040532	0.000000	0.001225
242	102	58	0.111840	0.000018	0.063448	0.040532	0.000000	0.001225
243	102	58	0.111840	0.000018	0.063448	0.040532	0.000000	0.001225
244	102	58	0.111840	0.000018	0.063448	0.040532	0.000000	0.001225
245	102	58	0.111840	0.000018	0.063448	0.040532	0.000000	0.001225
246	102	58	0.111840	0.000018	0.063448	0.040532	0.000000	0.001225
247	102	58	0.111840	0.000018	0.063448	0.040532	0.000000	0.001225
248	102	58	0.111840	0.000018	0.063448	0.040532	0.000000	0.001225
249	102	58	0.111840	0.000018	0.063448	0.040532	0.000000	0.001225
250	102	58	0.111840	0.000018	0.063448	0.040532	0.000000	0.001225
251	102	58	0.111840	0.000018	0.063448	0.040532	0.000000	0.001225
252	102	58	0.111840	0.000018	0.063448	0.040532	0.000000	0.001225
253	102	58	0.111840	0.000018	0.063448	0.040532	0.000000	0.001225
254	102	58	0.117891	0.013287	0.133134	0.097301	0.071199	0.071369
255	102	58	0.117891	0.013287	0.133134	0.097301	0.071199	0.071369
256	102	58	0.117891	0.013287	0.133134	0.097301	0.071199	0.071369
257	102	58	0.117891	0.013287	0.133134	0.097301	0.071199	0.071369
258	102	58	0.117891	0.013287	0.133134	0.097301	0.071199	0.071369
259	102	58	0.117891	0.013287	0.133134	0.097301	0.071199	0.071369
260	102	58	0.117891	0.013287	0.133134	0.097301	0.071199	0.071369
261	102	58	0.117891	0.013287	0.133134	0.097301	0.071199	0.071369
262	102	58	0.117891	0.013287	0.133134	0.097301	0.071199	0.071369
263	102	58	0.117891	0.013287	0.133134	0.097301	0.071199	0.071369
264	102	58	0.117891	0.013287	0.133134	0.097301	0.071199	0.071369
265	102	58	0.117891	0.013287	0.133134	0.097301	0.071199	0.071369
266	102	58	0.117891	0.013287	0.133134	0.097301	0.071199	0.071369
267	102	58	0.117891	0.013287	0.133134	0.097301	0.071199	0.071369
268	102	58	0.117891	0.013287	0.133134	0.097301	0.071199	0.071369
269	102	58	0.117891	0.013287	0.133134	0.097301	0.071199	0.071369
270	102	58	0.117891	0.013287	0.133134	0.097301	0.071199	0.071369
271	102	58	0.117891	0.013287	0.133134	0.097301	0.071199	0.071369
272	102	58	0.117891	0.013287	0.133134	0.097301	0.071199	0.071369
273	102	58	0.117891	0.013287	0.133134	0.097301	0.071199	0.071369
274	102	58	0.117891	0.013287	0.133134	0.097301	0.071199	0.071369
275	102	58	0.117891	0.013287	0.133134	0.097301	0.071199	0.071369
276	102	58	0.117891	0.013287	0.133134	0.097301	0.071199	0.071369
277	102	58	0.117891	0.013287	0.133134	0.097301	0.071199	0.071369
278	102	58	0.117891	0.013287	0.133134	0.097301	0.071199	0.071369
279	102	58	0.117891	0.013287	0.133134	0.097301	0.071199	0.071369
280	102	58	0.117891	0.013287	0.133134	0.097301	0.071199	0.071369
281	102	58	0.117891	0.013287	0.133134	0.097301	0.071199	0.071369
282	102	58	0.117891	0.013287	0.133134	0.097301	0.071199	0.071369
283	102	58	0.117891	0.013287	0.133134	0.097301	0.071199	0.071369
284	102	58	0.117891	0.013287	0.133134	0.097301	0.071199	0.071369
285	102	58	0.117891	0.013287	0.133134	0.097301	0.071199	0.071369
286	102	58	0.117891	0.013287	0.133134	0.097301	0.071199	0.071369
287	102	58	0.117891	0.013287	0.133134	0.097301	0.071199	0.071369
288	102	58	0.117891	0.013287	0.133134	0.097301	0.071199	0.071369
289	102	58	0.117891	0.013287	0.133134	0.097301	0.071199	0.071369
290	102	58	0.117891	0.013287	0.133134	0.097301	0.071199	0.071369
291	102	58	0.117891	0.013287	0.133134	0.097301	0.071199	0.071369
292	102	58	0.117891	0.013287	0.133134	0.097301	0.071199	0.071369
293	102	58	0.117891	0.013287	0.133134	0.097301	0.071199	0.071369
294	102	58	0.117891	0.013287	0.133134	0.097301	0.071199	0.071369
295	102	58	0.117891	0.013287	0.133134	0.097301	0.071199	0.071369
296	102	58	0.117891	0.013287	0.133134	0.097301	0.071199	0.071369
297	102	58	0.117891	0.013287	0.133134	0.097301	0.071199	0.071369
298	102	58	0.117891	0.013287	0.133134	0.097301	0.071199	0.071369
299	102	58	0.117891	0.013287	0.133134	0.097301	0.071199	0.071369
300	102	58	0.117891	0.013287	0.133134	0.097301	0.071199	0.071369
301	102	58	0.117891	0.013287	0.133134	0.097301	0.071199	0.071369
302	102	58	0.117891	0.013287	0.133134	0.097301	0.071199	0.071369
303	102	58	0.117891	0.013287	0.133134	0.097301	0.071199	0.071369
304	102	58	0.117891	0.013287	0.133134	0.097301	0.071199	0.071369
305	102	58	0.117891	0.013287	0.133134	0.097301	0.071199	0.071369
306	102	58	0.117891	0.013287	0.133134	0.097301	0.071199	0.071369
307	102	58	0.117891	0.013287	0.133134	0.097301	0.071199	0.071369
308	102	58	0.117891	0.013287	0.133134	0.097301	0.071199	0.071369
309	102	58	0.117891	0.013287	0.133134	0.097301	0.071199	0.071369
310	102	58	0.117891	0.013287	0.133134	0.097301	0.071199	0.071369
311	102	58	0.117891	0.013287	0.133134	0.097301	0.071199	0.071369
312	102	58	0.117891	0.013287	0.133134	0.097301	0.071199	0.071369
313	102	58	0.117891	0.013287	0.133134	0.097301	0.071199	0.071369
314	102	58	0.117891	0.013287	0.133134	0.097301	0.071199	0.071369
315	102	58	0.117891	0.013287	0.133134	0.097301	0.071199	0.071369
316	102	58	0.117891	0.013287	0.133134	0.097301	0.071199	0.071369
317	102	58	0.117891	0.013287	0.133134	0.097301	0.071199	0.071369
318	102	58	0.117891	0.013287	0.133134	0.097301	0.071199	0.071369
319	102	58	0.117891	0.013287	0.133134	0.097301	0.071199	0.071369
320	102	58	0.117891	0.013287	0.133134	0.097301	0.071199	0.071369
321	102	58	0.117891	0.013287	0.133134	0.097301	0.071199	0.071369
322	102	58	0.117891	0.013287	0.133134	0.097301	0.071199	0.071369
323	102	58	0.117891	0.013287	0.133134	0.097301	0.071199	0.071369
324	102	58	0.117891	0.013287	0.133134	0.097301	0.071199	0.071369
325	102	58	0.117891	0.013287	0.133134	0.097301	0.071199	0.071369
326	102	58	0.117891	0.013287	0.133134	0.097301	0.071199	0.071369
327	102	58	0.117891	0.013287	0.133134	0.097301	0.071199	0.071369
328	102	58	0.117891	0.013287	0.133134	0.097301	0.071199	0.071369
329	102	58	0.117891	0.013287	0.133134	0.097301	0.071199	0.071369
330	102	58	0.117891	0.013287	0.133134	0.097301	0.071199	0.071369
331	102	58	0.117891	0.013287	0.133134	0.097301	0.071199	0.071369
332	102	58	0.117891	0.013287	0.133134	0.097301	0.071199	0.071369
333	102	58	0.117891	0.013287	0.133134	0.097301	0.071199	0.071369
334	102	58	0.117891	0.013287	0.133134	0.097301	0.071199	0.071369
335	102	58	0.117891	0.013287	0.133134	0.097301	0.071199	0.071369
336	111	49	0.127031	0.008966	0.130325	0.106964	0.066888	0.066878
337	111	49	0.127031	0.008966	0.130325	0.106964	0.066888	0.066878
338	111	49	0.127031	0.008966	0.130325	0.106964	0.066888	0.066878
339	111	49	0.127031	0.008966	0.130325	0.106964	0.066888	0.066878
340	111	49	0.127031	0.008966	0.130325	0.106964	0.066888	0.066878
341	111	49	0.127031	0.008966	0.130325	0.106964	0.066888	0.066878
342	111	49	0.127031	0.008966	0.130325	0.106964	0.066888	0.066878
343	111	49	0.127031	0.008966	0.130325	0.106964	0.066888	0.066878
344	114	46	0.128145	0.008968	0.132757	0.105664	0.066888	0.068693
345	114	46	0.128145	0.008968	0.132757	0.105664	0.066888	0.068693
346	114	46	0.128145	0.008968	0.132757	0.105664	0.066888	0.068693
347	114	46	0.128145	0.008968	0.132757	0.105664	0.066888	0.068693
348	114	46	0.128145	0.008968	0.132757	0.105664	0.066888	0.068693
349	114	46	0.128145	0.008968	0.132757	0.105664	0.066888	0.068693
350	114	46	0.128145	0.008968	0.132757	0.105664	0.066888	0.068693
351	114	46	0.128145	0.008968	0.132757	0.105664	0.066888	0.068693
352	114	46	0.128145	0.008968	0.132757	0.105664	0.066888	0.068693
353	116	44	0.030775	0.023221	0.026930	0.026101	0.023221	0.023433
354	116	44	0.030775	0.023221	0.026930	0.026101	0.023221	0.023433
355	116	44	0.030775	0.023221	0.026930	0.026101	0.023221	0.023433
356	116	44	0.030775	0.023221	0.026930	0.026101	0.023221	0.023433
357	116	44	0.030775	0.023221	0.026930	0.026101	0.023221	0.023433
358	116	44	0.030775	0.023221	0.026930	0.026101	0.023221	0.023433
359	116	44	0.030775	0.023221	0.026930	0.026101	0.023221	0.023433
360	116	44	0.030775	0.023221	0.026930	0.026101	0.023221	0.023433
361	116	44	0.030775	0.023221	0.026930	0.026101	0.023221	0.023433
362	116	44	0.030775	0.023221	0.026930	0.026101	0.023221	0.023433
363	116	44	0.030775	0.023221	0.026930	0.026101	0.023221	0.023433
364	116	44	0.030775	0.023221	0.026930	0.026101	0.023221	0.023433
365	116	44	0.030775	0.023221	0.026930	0.026101	0.023221	0.023433
366	116	44	0.030775	0.023221	0.026930	0.026101	0.023221	0.023433
367	116	44	0.030775	0.023221	0.026930	0.026101	0.023221	0.023433
368	116	44	0.030775	0.023221	0.026930	0.026101	0.023221	0.023433
369	116	44	0.030775	0.023221	0.026930	0.026101	0.023221	0.023433
370	116	44	0.030775	0.023221	0.026930	0.026101	0.023221	0.023433
371	116	44	0.030775	0.023221	0.026930	0.026101	0.023221	0.023433
372	116	44	0.030775	0.023221	0.026930	0.026101	0.023221	0.023433
373	116	44	0.030775	0.023221	0.026930	0.026101	0.023221	0.023433
374	116	44	0.030775	0.023221	0.026930	0.026101	0.023221	0.023433
375	116	44	0.030775	0.023221	0.026930	0.026101	0.023221	0.023433
376	116	44	0.030775	0.023221	0.026930	0.026101	0.023221	0.023433
377	116	44	0.030775	0.023221	0.026930	0.026101	0.023221	0.023433
378	116	44	0.030775	0.023221	0.026930	0.026101	0.023221	0.023433
379	116	44	0.030775	0.023221	0.026930	0.026101	0.023221	0.023433
380	116	44	0.030775	0.023221	0.026930	0.026101	0.023221	0.023433
381	116	44	0.030775	0.023221	0.026930	0.026101	0.023221	0.023433
382	116	44	0.030775	0.023221	0.026930	0.026101	0.023221	0.023433
383	116	44	0.078772	0.026010	0.090157	0.048462	0.044864	0.045014
384	116	44	0.078772	0.026010	0.090157	0.048462	0.044864	0.045014
385	116	44	0.078772	0.026010	0.090157	0.048462	0.044864	0.045014
386	116	44	0.078772	0.026010	0.090157	0.048462	0.044864	0.045014
387	116	44	0.078772	0.026010	0.090157	0.048462	0.044864	0.045014
388	116	44	0.078772	0.026010	0.090157	0.048462	0.044864	0.045014
389	116	44	0.078772	0.026010	0.090157	0.048462	0.044864	0.045014
390	116	44	0.078772	0.026010	0.090157	0.048462	0.044864	0.045014
391	116	44	0.078772	0.026010	0.090157	0.048462	0.044864	0.045014
392	116	44	0.078772	0.026010	0.090157	0.048462	0.044864	0.045014
393	116	44	0.078772	0.026010	0.090157	0.048462	0.044864	0.045014
394	116	44	0.078772	0.026010	0.090157	0.048462	0.044864	0.045014
395	116	44	0.078772	0.026010	0.090157	0.048462	0.044864	0.045014
396	116	44	0.078772	0.026010	0.090157	0.048462	0.044864	0.045014
397	116	44	0.078772	0.026010	0.090157	0.048462	0.044864	0.045014
398	116	44	0.078772	0.026010	0.090157	0.048462	0.044864	0.045014
399	116	44	0.078772	0.026010	0.090157	0.048462	0.044864	0.045014
400	116	44	0.078772	0.026010	0.090157	0.048462	0.044864	0.045014
401	116	44	0.078772	0.026010	0.090157	0.048462	0.044864	0.045014
402	116	44	0.078772	0.026010	0.090157	0.048462	0.044864	0.045014
403	116	44	0.078772	0.026010	0.090157	0.048462	0.044864	0.045014
404	116	44	0.078772	0.026010	0.090157	0.048462	0.044864	0.045014
405	116	44	0.078772	0.026010	0.090157	0.048462	0.044864	0.045014
406	116	44	0.078772	0.026010	0.090157	0.048462	0.044864	0.045014
407	116	44	0.078772	0.026010	0.090157	0.048462	0.044864	0.045014
408	116	44	0.078772	0.026010	0.090157	0.048462	0.044864	0.045014
409	116	44	0.073935	0.000000	0.067664	0.001638	0.000000	0.000137
410	116	44	0.073935	0.000000	0.067664	0.001638	0.000000	0.000137
411	116	44	0.073935	0.000000	0.067664	0.001638	0.000000	0.000137
412	116	44	0.073935	0.000000	0.067664	0.001638	0.000000	0.000137
413	116	44	0.073935	0.000000	0.067664	0.001638	0.000000	0.000137
414	116	44	0.073935	0.000000	0.067664	0.001638	0.000000	0.000137
415	116	44	0.073935	0.000000	0.067664	0.001638	0.000000	0.000137
416	116	44	0.078772	0.026010	0.090157	0.048462	0.044864	0.045014
417	116	44	0.078772	0.026010	0.090157	0.048462	0.044864	0.045014
418	116	44	0.078772	0.026010	0.090157	0.048462	0.044864	0.045014
419	116	44	0.078772	0.026010	0.090157	0.048462	0.044864	0.045014
420	116	44	0.078772	0.026010	0.090157	0.048462	0.044864	0.045014
421	116	44	0.078772	0.026010	0.090157	0.048462	0.044864	0.045014
422	116	44	0.078772	0.026010	0.090157	0.048462	0.044864	0.045014
423	116	44	0.078772	0.026010	0.090157	0.048462	0.044864	0.045014
424	116	44	0.078772	0.026010	0.090157	0.048462	0.044864	0.045014
425	116	44	0.078772	0.026010	0.090157	0.048462	0.044864	0.045014
426	116	44	0.078772	0.026010	0.090157	0.048462	0.044864	0.045014
427	116	44	0.085123	0.013412	0.089782	0.061759	0.040558	0.040421
428	116	44	0.085123	0.013412	0.089782	0.061759	0.040558	0.040421
429	116	44	0.085123	0.013412	0.089782	0.061759	0.040558	0.040421
430	116	44	0.085123	0.013412	0.089782	0.061759	0.040558	0.040421
431	116	44	0.085123	0.013412	0.089782	0.061759	0.040558	0.040421
432	116	44	0.085123	0.013412	0.089782	0.061759	0.040558	0.040421
433	116	44	0.085123	0.013412	0.089782	0.061759	0.040558	0.040421
434	116	44	0.085123	0.013412	0.089782	0.061759	0.040558	0.040421
435	116	44	0.085123	0.013412	0.089782	0.061759	0.040558	0.040421
436	116	44	0.085123	0.013412	0.089782	0.061759	0.040558	0.040421
437	116	44	0.085123	0.013412	0.089782	0.061759	0.040558	0.040421
438	116	44	0.085123	0.013412	0.089782	0.061759	0.040558	0.040421
439	116	44	0.085123	0.013412	0.089782	0.061759	0.040558	0.040421
440	116	44	0.085123	0.013412	0.089782	0.061759	0.040558	0.040421
441	116	44	0.085123	0.013412	0.089782	0.061759	0.040558	0.040421
442	116	44	0.085123	0.013412	0.089782	0.061759	0.040558	0.040421
443	116	44	0.085123	0.013412	0.089782	0.061759	0.040558	0.040421
444	116	44	0.085123	0.013412	0.089782	0.061759	0.040558	0.040421
445	116	44	0.085123	0.013412	0.089782	0.061759	0.040558	0.040421
446	116	44	0.085123	0.013412	0.089782	0.061759	0.040558	0.040421
447	116	44	0.085123	0.013412	0.089782	0.061759	0.040558	0.040421
448	116	44	0.085123	0.013412	0.089782	0.061759	0.040558	0.040421
449	116	44	0.085123	0.013412	0.089782	0.061759	0.040558	0.040421
450	116	44	0.085123	0.013412	0.089782	0.061759	0.040558	0.040421
451	116	44	0.085123	0.013412	0.089782	0.061759	0.040558	0.040421
452	116	44	0.085123	0.013412	0.089782	0.061759	0.040558	0.040421
453	116	44	0.085123	0.013412	0.089782	0.061759	0.040558	0.040421
454	116	44	0.085123	0.013412	0.089782	0.061759	0.040558	0.040421
455	116	44	0.085123	0.013412	0.089782	0.061759	0.040558	0.040421
456	116	44	0.085123	0.013412	0.089782	0.061759	0.040558	0.040421
457	116	44	0.085123	0.013412	0.089782	0.061759	0.040558	0.040421
458	116	44	0.085123	0.013412	0.089782	0.061759	0.040558	0.040421
459	116	44	0.085123	0.013412	0.089782	0.061759	0.040558	0.040421
460	116	44	0.085123	0.013412	0.089782	0.061759	0.040558	0.040421
461	116	44	0.085123	0.013412	0.089782	0.061759	0.040558	0.040421
462	116	44	0.085123	0.013412	0.089782	0.061759	0.040558	0.040421
463	116	44	0.085123	0.013412	0.089782	0.061759	0.040558	0.040421
464	116	44	0.085123	0.013412	0.089782	0.061759	0.040558	0.040421
465	116	44	0.085123	0.013412	0.089782	0.061759	0.040558	0.040421
466	116	44	0.085123	0.013412	0.089782	0.061759	0.040558	0.040421
467	116	44	0.085123	0.013412	0.089782	0.061759	0.040558	0.040421
468	116	44	0.085123	0.013412	0.089782	0.061759	0.040558	0.040421
469	116	44	0.085123	0.013412	0.089782	0.061759	0.040558	0.040421
470	116	44	0.085123	0.013412	0.089782	0.061759	0.040558	0.040421
471	116	44	0.085123	0.013412	0.089782	0.061759	0.040558	0.040421
472	116	44	0.085123	0.013412	0.089782	0.061759	0.040558	0.040421
473	116	44	0.085123	0.013412	0.089782	0.061759	0.040558	0.040421
474	116	44	0.085123	0.013412	0.089782	0.061759	0.040558	0.040421
475	116	44	0.085123	0.013412	0.089782	0.061759	0.040558	0.040421
476	116	44	0.085789	0.013412	0.089579	0.061943	0.040553	0.040424
477	116	44	0.085789	0.013412	0.089579	0.061943	0.040553	0.040424
478	116	44	0.085789	0.013412	0.089579	0.061943	0.040553	0.040424
479	116	44	0.085789	0.013412	0.089579	0.061943	0.040553	0.040424
480	116	44	0.085789	0.013412	0.089579	0.061943	0.040553	0.040424
481	116	44	0.085789	0.013412	0.089579	0.061943	0.040553	0.040424
482	116	44	0.085789	0.013412	0.089579	0.061943	0.040553	0.040424
483	116	44	0.085789	0.013412	0.089579	0.061943	0.040553	0.040424
484	116	44	0.085789	0.013412	0.089579	0.061943	0.040553	0.040424
485	116	44	0.085789	0.013412	0.089579	0.061943	0.040553	0.040424
486	116	44	0.268608	0.028602	0.121485	0.313108	0.130210	0.132538
487	116	44	0.268608	0.028602	0.121485	0.313108	0.130210	0.132538
488	116	44	0.268608	0.028602	0.121485	0.313108	0.130210	0.132538
489	116	44	0.268608	0.028602	0.121485	0.313108	0.130210	0.132538
490	116	44	0.268608	0.028602	0.121485	0.313108	0.130210	0.132538
491	116	44	0.268608	0.028602	0.121485	0.313108	0.130210	0.132538
492	116	44	0.268608	0.028602	0.121485	0.313108	0.130210	0.132538
493	116	44	0.268608	0.028602	0.121485	0.313108	0.130210	0.132538
494	116	44	0.268608	0.028602	0.121485	0.313108	0.130210	0.132538
495	116	44	0.268608	0.028602	0.121485	0.313108	0.130210	0.132538
496	116	44	0.268608	0.028602	0.121485	0.313108	0.130210	0.132538
497	116	44	0.268608	0.028602	0.121485	0.313108	0.130210	0.132538
498	116	44	0.268608	0.028602	0.121485	0.313108	0.130210	0.132538
499	116	44	0.268608	0.028602	0.121485	0.313108	0.130210	0.132538
500	116	44	0.268608	0.028602	0.121485	0.313108	0.130210	0.132538
501	116	44	0.268608	0.028602	0.121485	0.313108	0.130210	0.132538
502	116	44	0.268608	0.028602	0.121485	0.313108	0.130210	0.132538
503	116	44	0.268608	0.028602	0.121485	0.313108	0.130210	0.132538
504	116	44	0.268608	0.028602	0.121485	0.313108	0.130210	0.132538
505	116	44	0.268608	0.028602	0.121485	0.313108	0.130210	0.132538
506	116	44	0.268608	0.028602	0.121485	0.313108	0.130210	0.132538
507	116	44	0.268608	0.028602	0.121485	0.313108	0.130210	0.132538
508	116	44	0.268608	0.028602	0.121485	0.313108	0.130210	0.132538
509	116	44	0.268608	0.028602	0.121485	0.313108	0.130210	0.132538
510	116	44	0.268608	0.028602	0.121485	0.313108	0.130210	0.132538
511	116	44	0.268608	0.028602	0.121485	0.313108	0.130210	0.132538
512	116	44	0.268608	0.028602	0.121485	0.313108	0.130210	0.132538
513	116	44	0.258895	0.067003	0.142219	0.188602	0.102269	0.101056
514	116	44	0.258895	0.067003	0.142219	0.188602	0.102269	0.101056
515	116	44	0.258895	0.067003	0.142219	0.188602	0.102269	0.101056
516	116	44	0.258895	0.067003	0.142219	0.188602	0.102269	0.101056
517	116	44	0.258895	0.067003	0.142219	0.188602	0.102269	0.101056
518	116	44	0.258895	0.067003	0.142219	0.188602	0.102269	0.101056
519	116	44	0.258895	0.067003	0.142219	0.188602	0.102269	0.101056
520	116	44	0.258895	0.067003	0.142219	0.188602	0.102269	0.101056
521	116	44	0.258895	0.067003	0.142219	0.188602	0.102269	0.101056
522	116	44	0.258895	0.067003	0.142219	0.188602	0.102269	0.101056
523	116	44	0.258895	0.067003	0.142219	0.188602	0.102269	0.101056
524	116	44	0.258895	0.067003	0.142219	0.188602	0.102269	0.101056
525	116	44	0.258895	0.067003	0.142219	0.188602	0.102269	0.101056
526	116	44	0.258895	0.067003	0.142219	0.188602	0.102269	0.101056
527	116	44	0.258895	0.067003	0.142219	0.188602	0.102269	0.101056
528	116	44	0.258895	0.067003	0.142219	0.188602	0.102269	0.101056
529	116	44	0.258895	0.067003	0.142219	0.188602	0.102269	0.101056
530	116	44	0.258895	0.067003	0.142219	0.188602	0.102269	0.101056
531	116	44	0.371598	0.039865	0.235759	0.168750	0.074117	0.077576
532	116	44	0.371598	0.039865	0.235759	0.168750	0.074117	0.077576
533	116	44	0.371598	0.039865	0.235759	0.168750	0.074117	0.077576
534	118	42	0.337633	0.004087	0.197024	0.118336	0.030253	0.035251
535	118	42	0.337633	0.004087	0.197024	0.118336	0.030253	0.035251
536	118	42	0.337633	0.004087	0.197024	0.118336	0.030253	0.035251
537	118	42	0.337633	0.004087	0.197024	0.118336	0.030253	0.035251
538	118	42	0.337633	0.004087	0.197024	0.118336	0.030253	0.035251
539	118	42	0.337633	0.004087	0.197024	0.118336	0.030253	0.035251
540	118	42	0.337633	0.004087	0.197024	0.118336	0.030253	0.035251
541	118	42	0.337633	0.004087	0.197024	0.118336	0.030253	0.035251
542	118	42	0.337633	0.004087	0.197024	0.118336	0.030253	0.035251
543	118	42	0.337633	0.004087	0.197024	0.118336	0.030253	0.035251
544	118	42	0.337633	0.004087	0.197024	0.118336	0.030253	0.035251
545	118	42	0.337633	0.004087	0.197024	0.118336	0.030253	0.035251
546	118	42	0.337633	0.004087	0.197024	0.118336	0.030253	0.035251
547	118	42	0.337633	0.004087	0.197024	0.118336	0.030253	0.035251
548	118	42	0.337633	0.004087	0.197024	0.118336	0.030253	0.035251
549	118	42	0.337633	0.004087	0.197024	0.118336	0.030253	0.035251
550	118	42	0.337633	0.004087	0.197024	0.118336	0.030253	0.035251
551	118	42	0.337633	0.004087	0.197024	0.118336	0.030253	0.035251
552	118	42	0.337633	0.004087	0.197024	0.118336	0.030253	0.035251
553	120	40	0.345592	0.005484	0.204624	0.125524	0.033182	0.035869
554	120	40	0.345592	0.005484	0.204624	0.125524	0.033182	0.035869
555	120	40	0.345592	0.005484	0.204624	0.125524	0.033182	0.035869
556	120	40	0.345592	0.005484	0.204624	0.125524	0.033182	0.035869
557	120	40	0.345592	0.005484	0.204624	0.125524	0.033182	0.035869
558	120	40	0.345592	0.005484	0.204624	0.125524	0.033182	0.035869
559	120	40	0.345592	0.005484	0.204624	0.125524	0.033182	0.035869
560	120	40	0.345592	0.005484	0.204624	0.125524	0.033182	0.035869
561	120	40	0.345592	0.005484	0.204624	0.125524	0.033182	0.035869
562	120	40	0.345592	0.005484	0.204624	0.125524	0.033182	0.035869
563	120	40	0.345592	0.005484	0.204624	0.125524	0.033182	0.035869
564	120	40	0.345592	0.005484	0.204624	0.125524	0.033182	0.035869
565	120	40	0.345592	0.005484	0.204624	0.125524	0.033182	0.035869
566	122	38	0.149659	0.005387	0.121973	0.055715	0.033540	0.033281
567	122	38	0.149659	0.005387	0.121973	0.055715	0.033540	0.033281
568	122	38	0.149659	0.005387	0.121973	0.055715	0.033540	0.033281
569	122	38	0.149659	0.005387	0.121973	0.055715	0.033540	0.033281
570	122	38	0.149659	0.005387	0.121973	0.055715	0.033540	0.033281
571	122	38	0.149659	0.005387	0.121973	0.055715	0.033540	0.033281
572	122	38	0.149659	0.005387	0.121973	0.055715	0.033540	0.033281
573	122	38	0.149659	0.005387	0.121973	0.055715	0.033540	0.033281
574	122	38	0.149659	0.005387	0.121973	0.055715	0.033540	0.033281
575	122	38	0.149659	0.005387	0.121973	0.055715	0.033540	0.033281
576	122	38	0.149659	0.005387	0.121973	0.055715	0.033540	0.033281
577	122	38	0.149659	0.005387	0.121973	0.055715	0.033540	0.033281
578	122	38	0.149659	0.005387	0.121973	0.055715	0.033540	0.033281
579	122	38	0.149659	0.005387	0.121973	0.055715	0.033540	0.033281
580	122	38	0.149659	0.005387	0.121973	0.055715	0.033540	0.033281
581	122	38	0.149659	0.005387	0.121973	0.055715	0.033540	0.033281
582	122	38	0.149659	0.005387	0.121973	0.055715	0.033540	0.033281
583	122	38	0.149659	0.005387	0.121973	0.055715	0.033540	0.033281
584	122	38	0.149659	0.005387	0.121973	0.055715	0.033540	0.033281
585	122	38	0.149659	0.005387	0.121973	0.055715	0.033540	0.033281
586	122	38	0.149659	0.005387	0.121973	0.055715	0.033540	0.033281
587	122	38	0.180450	0.010081	0.136523	0.069280	0.038234	0.051964
588	122	38	0.180450	0.010081	0.136523	0.069280	0.038234	0.051964
589	122	38	0.180450	0.010081	0.136523	0.069280	0.038234	0.051964
590	122	38	0.180450	0.010081	0.136523	0.069280	0.038234	0.051964
591	122	38	0.180450	0.010081	0.136523	0.069280	0.038234	0.051964
592	122	38	0.180450	0.010081	0.136523	0.069280	0.038234	0.051964
593	122	38	0.180450	0.010081	0.136523	0.069280	0.038234	0.051964
594	122	38	0.180450	0.010081	0.136523	0.069280	0.038234	0.051964
595	122	38	0.180450	0.010081	0.136523	0.069280	0.038234	0.051964
596	122	38	0.180450	0.010081	0.136523	0.069280	0.038234	0.051964
597	122	38	0.180450	0.010081	0.136523	0.069280	0.038234	0.051964
598	122	38	0.180450	0.010081	0.136523	0.069280	0.038234	0.051964
599	122	38	0.180450	0.010081	0.136523	0.069280	0.038234	0.051964
600	122	38	0.180450	0.010081	0.136523	0.069280	0.038234	0.051964
601	122	38	0.180450	0.010081	0.136523	0.069280	0.038234	0.051964
602	122	38	0.180450	0.010081	0.136523	0.069280	0.038234	0.051964
603	122	38	0.180450	0.010081	0.136523	0.069280	0.038234	0.051964
604	122	38	0.180450	0.010081	0.136523	0.069280	0.038234	0.051964
605	122	38	0.180450	0.010081	0.136523	0.069280	0.038234	0.051964
606	123	37	0.183178	0.008118	0.136940	0.068311	0.036359	0.050193
607	123	37	0.183178	0.008118	0.136940	0.068311	0.036359	0.050193
608	123	37	0.183178	0.008118	0.136940	0.068311	0.036359	0.050193
609	123	37	0.183178	0.008118	0.136940	0.068311	0.036359	0.050193
610	123	37	0.183178	0.008118	0.136940	0.068311	0.036359	0.050193
611	123	37	0.183178	0.008118	0.136940	0.068311	0.036359	0.050193
612	123	37	0.183178	0.008118	0.136940	0.068311	0.036359	0.050193
613	123	37	0.183178	0.008118	0.136940	0.068311	0.036359	0.050193
614	123	37	0.183178	0.008118	0.136940	0.068311	0.036359	0.050193
615	123	37	0.183178	0.008118	0.136940	0.068311	0.036359	0.050193
616	123	37	0.183178	0.008118	0.136940	0.068311	0.036359	0.050193
617	123	37	0.183178	0.008118	0.136940	0.068311	0.036359	0.050193
618	123	37	0.183178	0.008118	0.136940	0.068311	0.036359	0.050193
619	123	37	0.183178	0.008118	0.136940	0.068311	0.036359	0.050193
620	123	37	0.183178	0.008118	0.136940	0.068311	0.036359	0.050193
621	123	37	0.183178	0.008118	0.136940	0.068311	0.036359	0.050193
622	123	37	0.183178	0.008118	0.136940	0.068311	0.036359	0.050193
623	123	37	0.183178	0.008118	0.136940	0.068311	0.036359	0.050193
624	123	37	0.183178	0.008118	0.136940	0.068311	0.036359	0.050193
625	123	37	0.183178	0.008118	0.136940	0.068311	0.036359	0.050193
626	123	37	0.183178	0.008118	0.136940	0.068311	0.036359	0.050193
627	123	37	0.183178	0.008118	0.136940	0.068311	0.036359	0.050193
628	123	37	0.183178	0.008118	0.136940	0.068311	0.036359	0.050193
629	123	37	0.183178	0.008118	0.136940	0.068311	0.036359	0.050193
630	123	37	0.183178	0.008118	0.136940	0.068311	0.036359	0.050193
631	123	37	0.183178	0.008118	0.136940	0.068311	0.036359	0.050193
632	123	37	0.183178	0.008118	0.136940	0.068311	0.036359	0.050193
633	123	37	0.183178	0.008118	0.136940	0.068311	0.036359	0.050193
634	123	37	0.183178	0.008118	0.136940	0.068311	0.036359	0.050193
635	123	37	0.183178	0.008118	0.136940	0.068311	0.036359	0.050193
636	123	37	0.183178	0.008118	0.136940	0.068311	0.036359	0.050193
637	123	37	0.183178	0.008118	0.136940	0.068311	0.036359	0.050193
638	123	37	0.183178	0.008118	0.136940	0.068311	0.036359	0.050193
639	123	37	0.183178	0.008118	0.136940	0.068311	0.036359	0.050193
640	123	37	0.183178	0.008118	0.136940	0.068311	0.036359	0.050193
641	123	37	0.183178	0.008118	0.136940	0.068311	0.036359	0.050193
642	123	37	0.183178	0.008118	0.136940	0.068311	0.036359	0.050193
643	123	37	0.183178	0.008118	0.136940	0.068311	0.036359	0.050193
644	123	37	0.183178	0.008118	0.136940	0.068311	0.036359	0.050193
645	123	37	0.183178	0.008118	0.136940	0.068311	0.036359	0.050193
646	123	37	0.183178	0.008118	0.136940	0.068311	0.036359	0.050193
647	123	37	0.183178	0.008118	0.136940	0.068311	0.036359	0.050193
648	123	37	0.183178	0.008118	0.136940	0.068311	0.036359	0.050193
649	123	37	0.183178	0.008118	0.136940	0.068311	0.036359	0.050193
650	123	37	0.183178	0.008118	0.136940	0.068311	0.036359	0.050193
651	123	37	0.183178	0.008118	0.136940	0.068311	0.036359	0.050193
652	123	37	0.183178	0.008118	0.136940	0.068311	0.036359	0.050193
653	123	37	0.183178	0.008118	0.136940	0.068311	0.036359	0.050193
654	123	37	0.183178	0.008118	0.136940	0.068311	0.036359	0.050193
655	123	37	0.183178	0.008118	0.136940	0.068311	0.036359	0.050193
656	123	37	0.183178	0.008118	0.136940	0.068311	0.036359	0.050193
657	123	37	0.183178	0.008118	0.136940	0.068311	0.036359	0.050193
658	123	37	0.183178	0.008118	0.136940	0.068311	0.036359	0.050193
659	123	37	0.183178	0.008118	0.136940	0.068311	0.036359	0.050193
660	123	37	0.183178	0.008118	0.136940	0.068311	0.036359	0.050193
661	123	37	0.183178	0.008118	0.136940	0.068311	0.036359	0.050193
662	123	37	0.183178	0.008118	0.136940	0.068311	0.036359	0.050193
663	123	37	0.183178	0.008118	0.136940	0.068311	0.036359	0.050193
664	123	37	0.183178	0.008118	0.136940	0.068311	0.036359	0.050193
665	123	37	0.183178	0.008118	0.136940	0.068311	0.036359	0.050193
666	123	37	0.183178	0.008118	0.136940	0.068311	0.036359	0.050193
667	123	37	0.183178	0.008118	0.136940	0.068311	0.036359	0.050193
668	123	37	0.183178	0.008118	0.136940	0.068311	0.036359	0.050193
669	123	37	0.183178	0.008118	0.136940	0.068311	0.036359	0.050193
670	123	37	0.183178	0.008118	0.136940	0.068311	0.036359	0.050193
671	123	37	0.183178	0.008118	0.136940	0.068311	0.036359	0.050193
672	123	37	0.183178	0.008118	0.136940	0.068311	0.036359	0.050193
673	123	37	0.183178	0.008118	0.136940	0.068311	0.036359	0.050193
674	123	37	0.183178	0.008118	0.136940	0.068311	0.036359	0.050193
675	123	37	0.183178	0.008118	0.136940	0.068311	0.036359	0.050193
676	123	37	0.183178	0.008118	0.136940	0.068311	0.036359	0.050193
677	123	37	0.183178	0.008118	0.136940	0.068311	0.036359	0.050193
678	123	37	0.183178	0.008118	0.136940	0.068311	0.036359	0.050193
679	123	37	0.183178	0.008118	0.136940	0.068311	0.036359	0.050193
680	123	37	0.183178	0.008118	0.136940	0.068311	0.036359	0.050193
681	123	37	0.183178	0.008118	0.136940	0.068311	0.036359	0.050193
682	123	37	0.183178	0.008118	0.136940	0.068311	0.036359	0.050193
683	123	37	0.183178	0.008118	0.136940	0.068311	0.036359	0.050193
684	123	37	0.183803	0.009636	0.138458	0.069325	0.037877	0.051053
685	123	37	0.183803	0.009636	0.138458	0.069325	0.037877	0.051053
686	123	37	0.183803	0.009636	0.138458	0.069325	0.037877	0.051053
687	123	37	0.183803	0.009636	0.138458	0.069325	0.037877	0.051053
688	123	37	0.183803	0.009636	0.138458	0.069325	0.037877	0.051053
689	123	37	0.183803	0.009636	0.138458	0.069325	0.037877	0.051053
690	123	37	0.183803	0.009636	0.138458	0.069325	0.037877	0.051053
691	123	37	0.183803	0.009636	0.138458	0.069325	0.037877	0.051053
692	123	37	0.183803	0.009636	0.138458	0.069325	0.037877	0.051053
693	123	37	0.183803	0.009636	0.138458	0.069325	0.037877	0.051053
694	123	37	0.183803	0.009636	0.138458	0.069325	0.037877	0.051053
695	123	37	0.183803	0.009636	0.138458	0.069325	0.037877	0.051053
696	123	37	0.183803	0.009636	0.138458	0.069325	0.037877	0.051053
697	123	37	0.183803	0.009636	0.138458	0.069325	0.037877	0.051053
698	123	37	0.183803	0.009636	0.138458	0.069325	0.037877	0.051053
699	123	37	0.183803	0.009636	0.138458	0.069325	0.037877	0.051053
700	123	37	0.183803	0.009636	0.138458	0.069325	0.037877	0.051053
701	123	37	0.183803	0.009636	0.138458	0.069325	0.037877	0.051053
702	123	37	0.183803	0.009636	0.138458	0.069325	0.037877	0.051053
703	123	37	0.183803	0.009636	0.138458	0.069325	0.037877	0.051053
704	123	37	0.183803	0.009636	0.138458	0.069325	0.037877	0.051053
705	123	37	0.183803	0.009636	0.138458	0.069325	0.037877	0.051053
706	123	37	0.183803	0.009636	0.138458	0.069325	0.037877	0.051053
707	123	37	0.183803	0.009636	0.138458	0.069325	0.037877	0.051053
708	123	37	0.183803	0.009636	0.138458	0.069325	0.037877	0.051053
709	123	37	0.183803	0.009636	0.138458	0.069325	0.037877	0.051053
710	123	37	0.183803	0.009636	0.138458	0.069325	0.037877	0.051053
711	123	37	0.183803	0.009636	0.138458	0.069325	0.037877	0.051053
712	123	37	0.183803	0.009636	0.138458	0.069325	0.037877	0.051053
713	123	37	0.183803	0.009636	0.138458	0.069325	0.037877	0.051053
714	123	37	0.183803	0.009636	0.138458	0.069325	0.037877	0.051053
715	123	37	0.183803	0.009636	0.138458	0.069325	0.037877	0.051053
716	123	37	0.183803	0.009636	0.138458	0.069325	0.037877	0.051053
717	123	37	0.183803	0.009636	0.138458	0.069325	0.037877	0.051053
718	123	37	0.183803	0.009636	0.138458	0.069325	0.037877	0.051053
719	123	37	0.183803	0.009636	0.138458	0.069325	0.037877	0.051053
720	123	37	0.183803	0.009636	0.138458	0.069325	0.037877	0.051053
721	123	37	0.183803	0.009636	0.138458	0.069325	0.037877	0.051053
722	123	37	0.183803	0.009636	0.138458	0.069325	0.037877	0.051053
723	123	37	0.183803	0.009636	0.138458	0.069325	0.037877	0.051053
724	123	37	0.183803	0.009636	0.138458	0.069325	0.037877	0.051053
725	123	37	0.183803	0.009636	0.138458	0.069325	0.037877	0.051053
726	123	37	0.183803	0.009636	0.138458	0.069325	0.037877	0.051053
727	123	37	0.183803	0.009636	0.138458	0.069325	0.037877	0.051053
728	123	37	0.183803	0.009636	0.138458	0.069325	0.037877	0.051053
729	123	37	0.183803	0.009636	0.138458	0.069325	0.037877	0.051053
730	123	37	0.183803	0.009636	0.138458	0.069325	0.037877	0.051053
731	123	37	0.183803	0.009636	0.138458	0.069325	0.037877	0.051053
732	123	37	0.183803	0.009636	0.138458	0.069325	0.037877	0.051053
733	123	37	0.183803	0.009636	0.138458	0.069325	0.037877	0.051053
734	123	37	0.183803	0.009636	0.138458	0.069325	0.037877	0.051053
735	123	37	0.183803	0.009636	0.138458	0.069325	0.037877	0.051053
736	123	37	0.183803	0.009636	0.138458	0.069325	0.037877	0.051053
737	123	37	0.183803	0.009636	0.138458	0.069325	0.037877	0.051053
738	123	37	0.183803	0.009636	0.138458	0.069325	0.037877	0.051053
739	123	37	0.183803	0.009636	0.138458	0.069325	0.037877	0.051053
740	123	37	0.183803	0.009636	0.138458	0.069325	0.037877	0.051053
741	123	37	0.183803	0.009636	0.138458	0.069325	0.037877	0.051053
742	123	37	0.183803	0.009636	0.138458	0.069325	0.037877	0.051053
743	123	37	0.183803	0.009636	0.138458	0.069325	0.037877	0.051053
744	123	37	0.183803	0.009636	0.138458	0.069325	0.037877	0.051053
745	123	37	0.183803	0.009636	0.138458	0.069325	0.037877	0.051053
746	123	37	0.183803	0.009636	0.138458	0.069325	0.037877	0.051053
747	123	37	0.183803	0.009636	0.138458	0.069325	0.037877	0.051053
748	123	37	0.183803	0.009636	0.138458	0.069325	0.037877	0.051053
749	123	37	0.183803	0.009636	0.138458	0.069325	0.037877	0.051053
750	123	37	0.183803	0.009636	0.138458	0.069325	0.037877	0.051053
751	123	37	0.183803	0.009636	0.138458	0.069325	0.037877	0.051053
752	123	37	0.183803	0.009636	0.138458	0.069325	0.037877	0.051053
753	123	37	0.183803	0.009636	0.138458	0.069325	0.037877	0.051053
754	123	37	0.183803	0.009636	0.138458	0.069325	0.037877	0.051053
755	123	37	0.183803	0.009636	0.138458	0.069325	0.037877	0.051053
756	123	37	0.183803	0.009636	0.138458	0.069325	0.037877	0.051053
757	123	37	0.183803	0.009636	0.138458	0.069325	0.037877	0.051053
758	123	37	0.183803	0.009636	0.138458	0.069325	0.037877	0.051053
759	123	37	0.183803	0.009636	0.138458	0.069325	0.037877	0.051053
760	123	37	0.183803	0.009636	0.138458	0.069325	0.037877	0.051053
761	123	37	0.183803	0.009636	0.138458	0.069325	0.037877	0.051053
762	123	37	0.183803	0.009636	0.138458	0.069325	0.037877	0.051053
763	123	37	0.183803	0.009636	0.138458	0.069325	0.037877	0.051053
764	123	37	0.183803	0.009636	0.138458	0.069325	0.037877	0.051053
765	123	37	0.183803	0.009636	0.138458	0.069325	0.037877	0.051053
766	123	37	0.183803	0.009636	0.138458	0.069325	0.037877	0.051053
767	123	37	0.183803	0.009636	0.138458	0.069325	0.037877	0.051053
768	123	37	0.183803	0.009636	0.138458	0.069325	0.037877	0.051053
769	123	37	0.183803	0.009636	0.138458	0.069325	0.037877	0.051053
770	123	37	0.183803	0.009636	0.138458	0.069325	0.037877	0.051053
771	123	37	0.183803	0.009636	0.138458	0.069325	0.037877	0.051053
772	123	37	0.183803	0.009636	0.138458	0.069325	0.037877	0.051053
773	123	37	0.183803	0.009636	0.138458	0.069325	0.037877	0.051053
774	123	37	0.183803	0.009636	0.138458	0.069325	0.037877	0.051053
775	123	37	0.183803	0.009636	0.138458	0.069325	0.037877	0.051053
776	123	37	0.183656	0.008518	0.137737	0.067959	0.036665	0.049990
777	123	37	0.183656	0.008518	0.137737	0.067959	0.036665	0.049990
778	123	37	0.183656	0.008518	0.137737	0.067959	0.036665	0.049990
779	123	37	0.183656	0.008518	0.137737	0.067959	0.036665	0.049990
780	123	37	0.183656	0.008518	0.137737	0.067959	0.036665	0.049990
781	123	37	0.183656	0.008518	0.137737	0.067959	0.036665	0.049990
782	123	37	0.183656	0.008518	0.137737	0.067959	0.036665	0.049990
783	123	37	0.183656	0.008518	0.137737	0.067959	0.036665	0.049990
784	123	37	0.183656	0.008518	0.137737	0.067959	0.036665	0.049990
785	123	37	0.183656	0.008518	0.137737	0.067959	0.036665	0.049990
786	123	37	0.183656	0.008518	0.137737	0.067959	0.036665	0.049990
787	123	37	0.183656	0.008518	0.137737	0.067959	0.036665	0.049990
788	123	37	0.183656	0.008518	0.137737	0.067959	0.036665	0.049990
789	123	37	0.183656	0.008518	0.137737	0.067959	0.036665	0.049990
790	123	37	0.183656	0.008518	0.137737	0.067959	0.036665	0.049990
791	123	37	0.183656	0.008518	0.137737	0.067959	0.036665	0.049990
792	123	37	0.183656	0.008518	0.137737	0.067959	0.036665	0.049990
793	123	37	0.183656	0.008518	0.137737	0.067959	0.036665	0.049990
794	123	37	0.183656	0.008518	0.137737	0.067959	0.036665	0.049990
795	123	37	0.183656	0.008518	0.137737	0.067959	0.036665	0.049990
796	123	37	0.183656	0.008518	0.137737	0.067959	0.036665	0.049990
797	123	37	0.183656	0.008518	0.137737	0.067959	0.036665	0.049990
798	123	37	0.183656	0.008518	0.137737	0.067959	0.036665	0.049990
799	123	37	0.183656	0.008518	0.137737	0.067959	0.036665	0.049990
800	123	37	0.183656	0.008518	0.137737	0.067959	0.036665	0.049990
801	123	37	0.183656	0.008518	0.137737	0.067959	0.036665	0.049990
802	123	37	0.183656	0.008518	0.137737	0.067959	0.036665	0.049990
803	123	37	0.183656	0.008518	0.137737	0.067959	0.036665	0.049990
804	123	37	0.183656	0.008518	0.137737	0.067959	0.036665	0.049990
805	123	37	0.183656	0.008518	0.137737	0.067959	0.036665	0.049990
806	123	37	0.183656	0.008518	0.137737	0.067959	0.036665	0.049990
807	123	37	0.183656	0.008518	0.137737	0.067959	0.036665	0.049990
808	123	37	0.183656	0.008518	0.137737	0.067959	0.036665	0.049990
809	123	37	0.183656	0.008518	0.137737	0.067959	0.036665	0.049990
810	123	37	0.183656	0.008518	0.137737	0.067959	0.036665	0.049990
811	123	37	0.183656	0.008518	0.137737	0.067959	0.036665	0.049990
812	123	37	0.183656	0.008518	0.137737	0.067959	0.036665	0.049990
813	123	37	0.183656	0.008518	0.137737	0.067959	0.036665	0.049990
814	123	37	0.183656	0.008518	0.137737	0.067959	0.036665	0.049990
815	123	37	0.183656	0.008518	0.137737	0.067959	0.036665	0.049990
816	123	37	0.183656	0.008518	0.137737	0.067959	0.036665	0.049990
817	123	37	0.183656	0.008518	0.137737	0.067959	0.036665	0.049990
818	123	37	0.183656	0.008518	0.137737	0.067959	0.036665	0.049990
819	123	37	0.183656	0.008518	0.137737	0.067959	0.036665	0.049990
820	123	37	0.183656	0.008518	0.137737	0.067959	0.036665	0.049990
821	123	37	0.183656	0.008518	0.137737	0.067959	0.036665	0.049990
822	123	37	0.183656	0.008518	0.137737	0.067959	0.036665	0.049990
823	123	37	0.183656	0.008518	0.137737	0.067959	0.036665	0.049990
824	123	37	0.183656	0.008518	0.137737	0.067959	0.036665	0.049990
825	123	37	0.183656	0.008518	0.137737	0.067959	0.036665	0.049990
826	123	37	0.183656	0.008518	0.137737	0.067959	0.036665	0.049990
827	123	37	0.183656	0.008518	0.137737	0.067959	0.036665	0.049990
828	123	37	0.183656	0.008518	0.137737	0.067959	0.036665	0.049990
829	123	37	0.183656	0.008518	0.137737	0.067959	0.036665	0.049990
830	123	37	0.183656	0.008518	0.137737	0.067959	0.036665	0.049990
831	123	37	0.183656	0.008518	0.137737	0.067959	0.036665	0.049990
832	123	37	0.183656	0.008518	0.137737	0.067959	0.036665	0.049990
833	123	37	0.183656	0.008518	0.137737	0.067959	0.036665	0.049990
834	123	37	0.183656	0.008518	0.137737	0.067959	0.036665	0.049990
835	123	37	0.183656	0.008518	0.137737	0.067959	0.036665	0.049990
836	123	37	0.183656	0.008518	0.137737	0.067959	0.036665	0.049990
837	123	37	0.183656	0.008518	0.137737	0.067959	0.036665	0.049990
838	123	37	0.183656	0.008518	0.137737	0.067959	0.036665	0.049990
839	123	37	0.183656	0.008518	0.137737	0.067959	0.036665	0.049990
840	123	37	0.183656	0.008518	0.137737	0.067959	0.036665	0.049990
841	123	37	0.183656	0.008518	0.137737	0.067959	0.036665	0.049990
842	123	37	0.183656	0.008518	0.137737	0.067959	0.036665	0.049990
843	123	37	0.183656	0.008518	0.137737	0.067959	0.036665	0.049990
844	123	37	0.183656	0.008518	0.137737	0.067959	0.036665	0.049990
845	123	37	0.183656	0.008518	0.137737	0.067959	0.036665	0.049990
846	123	37	0.183656	0.008518	0.137737	0.067959	0.036665	0.049990
847	123	37	0.183656	0.008518	0.137737	0.067959	0.036665	0.049990
848	123	37	0.183656	0.008518	0.137737	0.067959	0.036665	0.049990
849	123	37	0.183656	0.008518	0.137737	0.067959	0.036665	0.049990
850	123	37	0.183656	0.008518	0.137737	0.067959	0.036665	0.049990
851	123	37	0.183656	0.008518	0.137737	0.067959	0.036665	0.049990
852	123	37	0.183656	0.008518	0.137737	0.067959	0.036665	0.049990
853	123	37	0.183656	0.008518	0.137737	0.067959	0.036665	0.049990
854	123	37	0.183656	0.008518	0.137737	0.067959	0.036665	0.049990
855	123	37	0.183656	0.008518	0.137737	0.067959	0.036665	0.049990
856	123	37	0.183656	0.008518	0.137737	0.067959	0.036665	0.049990
857	123	37	0.183656	0.008518	0.137737	0.067959	0.036665	0.049990
858	123	37	0.183656	0.008518	0.137737	0.067959	0.036665	0.049990
859	123	37	0.183656	0.008518	0.137737	0.067959	0.036665	0.049990
860	123	37	0.183656	0.008518	0.137737	0.067959	0.036665	0.049990
861	123	37	0.183656	0.008518	0.137737	0.067959	0.036665	0.049990
862	123	37	0.183656	0.008518	0.137737	0.067959	0.036665	0.049990
863	123	37	0.183656	0.008518	0.137737	0.067959	0.036665	0.049990
864	123	37	0.183656	0.008518	0.137737	0.067959	0.036665	0.049990
865	123	37	0.183656	0.008518	0.137737	0.067959	0.036665	0.049990
866	123	37	0.183656	0.008518	0.137737	0.067959	0.036665	0.049990
867	123	37	0.183656	0.008518	0.137737	0.067959	0.036665	0.049990
868	123	37	0.183656	0.008518	0.137737	0.067959	0.036665	0.049990
869	123	37	0.183656	0.008518	0.137737	0.067959	0.036665	0.049990
870	123	37	0.183656	0.008518	0.137737	0.067959	0.036665	0.049990
871	123	37	0.183656	0.008518	0.137737	0.067959	0.036665	0.049990
872	123	37	0.183656	0.008518	0.137737	0.067959	0.036665	0.049990
873	123	37	0.183656	0.008518	0.137737	0.067959	0.036665	0.049990
874	123	37	0.183656	0.008518	0.137737	0.067959	0.036665	0.049990
875	123	37	0.183656	0.008518	0.137737	0.067959	0.036665	0.049990
876	123	37	0.183656	0.008518	0.137737	0.067959	0.036665	0.049990
877	123	37	0.183656	0.008518	0.137737	0.067959	0.036665	0.049990
878	123	37	0.183656	0.008518	0.137737	0.067959	0.036665	0.049990
879	123	37	0.183656	0.008518	0.137737	0.067959	0.036665	0.049990
880	123	37	0.183656	0.008518	0.137737	0.067959	0.036665	0.049990
881	123	37	0.183656	0.008518	0.137737	0.067959	0.036665	0.049990
882	123	37	0.183656	0.008518	0.137737	0.067959	0.036665	0.049990
883	123	37	0.183656	0.008518	0.137737	0.067959	0.036665	0.049990
884	123	37	0.183656	0.008518	0.137737	0.067959	0.036665	0.049990
885	123	37	0.183656	0.008518	0.137737	0.067959	0.036665	0.049990
886	123	37	0.183656	0.008518	0.137737	0.067959	0.036665	0.049990
887	123	37	0.183656	0.008518	0.137737	0.067959	0.036665	0.049990
888	123	37	0.183656	0.008518	0.137737	0.067959	0.036665	0.049990
889	123	37	0.183656	0.008518	0.137737	0.067959	0.036665	0.049990
890	123	37	0.183656	0.008518	0.137737	0.067959	0.036665	0.049990
891	123	37	0.183656	0.008518	0.137737	0.067959	0.036665	0.049990
892	123	37	0.183656	0.008518	0.137737	0.067959	0.036665	0.049990
893	123	37	0.183656	0.008518	0.137737	0.067959	0.036665	0.049990
894	123	37	0.183656	0.008518	0.137737	0.067959	0.036665	0.049990
895	123	37	0.183656	0.008518	0.137737	0.067959	0.036665	0.049990
896	123	37	0.183656	0.008518	0.137737	0.067959	0.036665	0.049990
897	123	37	0.183656	0.008518	0.137737	0.067959	0.036665	0.049990
898	123	37	0.183656	0.008518	0.137737	0.067959	0.036665	0.049990
899	123	37	0.183656	0.008518	0.137737	0.067959	0.036665	0.049990
900	123	37	0.183656	0.008518	0.137737	0.067959	0.036665	0.049990
901	123	37	0.183656	0.008518	0.137737	0.067959	0.036665	0.049990
902	123	37	0.183656	0.008518	0.137737	0.067959	0.036665	0.049990
903	123	37	0.183656	0.008518	0.137737	0.067959	0.036665	0.049990
904	123	37	0.183656	0.008518	0.137737	0.067959	0.036665	0.049990
905	123	37	0.183656	0.008518	0.137737	0.067959	0.036665	0.049990
906	123	37	0.183656	0.008518	0.137737	0.067959	0.036665	0.049990
907	123	37	0.183656	0.008518	0.137737	0.067959	0.036665	0.049990
908	123	37	0.183656	0.008518	0.137737	0.067959	0.036665	0.049990
909	123	37	0.183656	0.008518	0.137737	0.067959	0.036665	0.049990
910	123	37	0.183656	0.008518	0.137737	0.067959	0.036665	0.049990
911	123	37	0.183656	0.008518	0.137737	0.067959	0.036665	0.049990
912	123	37	0.183656	0.008518	0.137737	0.067959	0.036665	0.049990
913	123	37	0.183656	0.008518	0.137737	0.067959	0.036665	0.049990
914	123	37	0.183656	0.008518	0.137737	0.067959	0.036665	0.049990
915	123	37	0.183656	0.008518	0.137737	0.067959	0.036665	0.049990
916	123	37	0.153623	0.005036	0.125454	0.055203	0.033182	0.032973
917	123	37	0.153623	0.005036	0.125454	0.055203	0.033182	0.032973
918	123	37	0.153623	0.005036	0.125454	0.055203	0.033182	0.032973
919	123	37	0.153623	0.005036	0.125454	0.055203	0.033182	0.032973
920	123	37	0.153623	0.005036	0.125454	0.055203	0.033182	0.032973
921	123	37	0.153623	0.005036	0.125454	0.055203	0.033182	0.032973
922	123	37	0.153623	0.005036	0.125454	0.055203	0.033182	0.032973
923	123	37	0.153623	0.005036	0.125454	0.055203	0.033182	0.032973
924	123	37	0.153623	0.005036	0.125454	0.055203	0.033182	0.032973
925	123	37	0.153623	0.005036	0.125454	0.055203	0.033182	0.032973
926	123	37	0.153623	0.005036	0.125454	0.055203	0.033182	0.032973
927	123	37	0.153623	0.005036	0.125454	0.055203	0.033182	0.032973
928	123	37	0.153623	0.005036	0.125454	0.055203	0.033182	0.032973
929	123	37	0.153623	0.005036	0.125454	0.055203	0.033182	0.032973
930	123	37	0.153623	0.005036	0.125454	0.055203	0.033182	0.032973
931	123	37	0.153623	0.005036	0.125454	0.055203	0.033182	0.032973
932	123	37	0.153623	0.005036	0.125454	0.055203	0.033182	0.032973
933	123	37	0.153623	0.005036	0.125454	0.055203	0.033182	0.032973
934	123	37	0.153623	0.005036	0.125454	0.055203	0.033182	0.032973
935	123	37	0.153623	0.005036	0.125454	0.055203	0.033182	0.032973
936	123	37	0.153623	0.005036	0.125454	0.055203	0.033182	0.032973
937	123	37	0.153623	0.005036	0.125454	0.055203	0.033182	0.032973
938	123	37	0.153623	0.005036	0.125454	0.055203	0.033182	0.032973
939	123	37	0.153623	0.005036	0.125454	0.055203	0.033182	0.032973
940	123	37	0.153623	0.005036	0.125454	0.055203	0.033182	0.032973
941	123	37	0.153623	0.005036	0.125454	0.055203	0.033182	0.032973
942	123	37	0.153623	0.005036	0.125454	0.055203	0.033182	0.032973
943	123	37	0.153623	0.005036	0.125454	0.055203	0.033182	0.032973
944	123	37	0.153623	0.005036	0.125454	0.055203	0.033182	0.032973
945	123	37	0.153623	0.005036	0.125454	0.055203	0.033182	0.032973
946	123	37	0.153623	0.005036	0.125454	0.055203	0.033182	0.032973
947	123	37	0.153623	0.005036	0.125454	0.055203	0.033182	0.032973
948	123	37	0.153623	0.005036	0.125454	0.055203	0.033182	0.032973
949	123	37	0.153623	0.005036	0.125454	0.055203	0.033182	0.032973
950	123	37	0.153623	0.005036	0.125454	0.055203	0.033182	0.032973
951	123	37	0.153623	0.005036	0.125454	0.055203	0.033182	0.032973
952	123	37	0.153623	0.005036	0.125454	0.055203	0.033182	0.032973
953	123	37	0.153623	0.005036	0.125454	0.055203	0.033182	0.032973
954	123	37	0.153759	0.004941	0.125429	0.055167	0.033182	0.033110
955	123	37	0.153759	0.004941	0.125429	0.055167	0.033182	0.033110
956	123	37	0.153759	0.004941	0.125429	0.055167	0.033182	0.033110
957	123	37	0.153759	0.004941	0.125429	0.055167	0.033182	0.033110
958	123	37	0.153759	0.004941	0.125429	0.055167	0.033182	0.033110
959	123	37	0.153759	0.004941	0.125429	0.055167	0.033182	0.033110
960	123	37	0.153759	0.004941	0.125429	0.055167	0.033182	0.033110
961	123	37	0.153759	0.004941	0.125429	0.055167	0.033182	0.033110
962	123	37	0.153759	0.004941	0.125429	0.055167	0.033182	0.033110
963	123	37	0.153759	0.004941	0.125429	0.055167	0.033182	0.033110
964	123	37	0.153759	0.004941	0.125429	0.055167	0.033182	0.033110
965	123	37	0.153759	0.004941	0.125429	0.055167	0.033182	0.033110
966	123	37	0.153759	0.004941	0.125429	0.055167	0.033182	0.033110
967	123	37	0.153759	0.004941	0.125429	0.055167	0.033182	0.033110
968	123	37	0.153759	0.004941	0.125429	0.055167	0.033182	0.033110
969	123	37	0.153759	0.004941	0.125429	0.055167	0.033182	0.033110
970	123	37	0.153759	0.004941	0.125429	0.055167	0.033182	0.033110
971	123	37	0.153759	0.004941	0.125429	0.055167	0.033182	0.033110
972	123	37	0.153759	0.004941	0.125429	0.055167	0.033182	0.033110
973	123	37	0.153759	0.004941	0.125429	0.055167	0.033182	0.033110
974	123	37	0.153759	0.004941	0.125429	0.055167	0.033182	0.033110
975	123	37	0.153759	0.004941	0.125429	0.055167	0.033182	0.033110
976	123	37	0.153759	0.004941	0.125429	0.055167	0.033182	0.033110
977	123	37	0.153759	0.004941	0.125429	0.055167	0.033182	0.033110
978	123	37	0.153759	0.004941	0.125429	0.055167	0.033182	0.033110
979	123	37	0.153759	0.004941	0.125429	0.055167	0.033182	0.033110
980	123	37	0.153759	0.004941	0.125429	0.055167	0.033182	0.033110
981	123	37	0.153759	0.004941	0.125429	0.055167	0.033182	0.033110
982	123	37	0.153759	0.004941	0.125429	0.055167	0.033182	0.033110
983	123	37	0.153759	0.004941	0.125429	0.055167	0.033182	0.033110
984	123	37	0.153759	0.004941	0.125429	0.055167	0.033182	0.033110
985	123	37	0.153759	0.004941	0.125429	0.055167	0.033182	0.033110
986	123	37	0.153759	0.004941	0.125429	0.055167	0.033182	0.033110
987	123	37	0.153759	0.004941	0.125429	0.055167	0.033182	0.033110
988	123	37	0.153759	0.004941	0.125429	0.055167	0.033182	0.033110
989	123	37	0.153759	0.004941	0.125429	0.055167	0.033182	0.033110
990	123	37	0.153759	0.004941	0.125429	0.055167	0.033182	0.033110
991	123	37	0.153759	0.004941	0.125429	0.055167	0.033182	0.033110
992	123	37	0.153759	0.004941	0.125429	0.055167	0.033182	0.033110
993	123	37	0.153759	0.004941	0.125429	0.055167	0.033182	0.033110
994	123	37	0.153759	0.004941	0.125429	0.055167	0.033182	0.033110
995	123	37	0.153759	0.004941	0.125429	0.055167	0.033182	0.033110
996	123	37	0.153759	0.004941	0.125429	0.055167	0.033182	0.033110
997	123	37	0.153759	0.004941	0.125429	0.055167	0.033182	0.033110
998	123	37	0.153759	0.004941	0.125429	0.055167	0.033182	0.033110
999	123	37	0.153759	0.004941	0.125429	0.055167	0.033182	0.033110
